(kicad_pcb (version 3) (host pcbnew "(2013-07-07 BZR 4022)-stable")

  (general
    (links 375)
    (no_connects 375)
    (area -0.317501 -70.322441 150.190501 150.500331)
    (thickness 1.6002)
    (drawings 3872)
    (tracks 0)
    (zones 0)
    (modules 157)
    (nets 138)
  )

  (page A4)
  (layers
    (15 Dessus signal)
    (0 Dessous signal)
    (16 Dessous.Adhes user)
    (17 Dessus.Adhes user)
    (18 Dessous.Pate user)
    (19 Dessus.Pate user)
    (20 Dessous.SilkS user)
    (21 Dessus.SilkS user)
    (22 Dessous.Masque user)
    (23 Dessus.Masque user)
    (24 Dessin.User user)
    (25 Cmts.User user)
    (26 Eco1.User user)
    (27 Eco2.User user)
    (28 Contours.Ci user)
  )

  (setup
    (last_trace_width 0.2)
    (user_trace_width 0.2)
    (user_trace_width 0.4)
    (user_trace_width 0.8)
    (trace_clearance 0.15)
    (zone_clearance 0.3)
    (zone_45_only no)
    (trace_min 0.2)
    (segment_width 0.381)
    (edge_width 0.381)
    (via_size 0.5)
    (via_drill 0.3)
    (via_min_size 0.5)
    (via_min_drill 0.3)
    (user_via 0.5 0.3)
    (user_via 0.6 0.4)
    (user_via 0.9 0.7)
    (uvia_size 0.508)
    (uvia_drill 0.127)
    (uvias_allowed yes)
    (uvia_min_size 0.508)
    (uvia_min_drill 0.127)
    (pcb_text_width 0.3048)
    (pcb_text_size 1.524 2.032)
    (mod_edge_width 0.3)
    (mod_text_size 1.524 1.524)
    (mod_text_width 0.3048)
    (pad_size 1.5 5.5)
    (pad_drill 0)
    (pad_to_mask_clearance 0.254)
    (aux_axis_origin 279.35682 178.57724)
    (visible_elements 7FFF6B39)
    (pcbplotparams
      (layerselection 3178497)
      (usegerberextensions true)
      (excludeedgelayer true)
      (linewidth 0.150000)
      (plotframeref false)
      (viasonmask false)
      (mode 1)
      (useauxorigin false)
      (hpglpennumber 1)
      (hpglpenspeed 20)
      (hpglpendiameter 15)
      (hpglpenoverlay 0)
      (psnegative false)
      (psa4output false)
      (plotreference true)
      (plotvalue true)
      (plotothertext true)
      (plotinvisibletext false)
      (padsonsilk false)
      (subtractmaskfromsilk false)
      (outputformat 1)
      (mirror false)
      (drillshape 1)
      (scaleselection 1)
      (outputdirectory ""))
  )

  (net 0 "")
  (net 1 +3.3V)
  (net 2 +3.3VADC)
  (net 3 +5V)
  (net 4 +8V)
  (net 5 +9V)
  (net 6 +BATT)
  (net 7 /Diag_Serie)
  (net 8 /L_Motor+)
  (net 9 /L_Motor-)
  (net 10 /Power_FET)
  (net 11 /R_Motor+)
  (net 12 /R_Motor-)
  (net 13 /Side_Serie)
  (net 14 Diag_High)
  (net 15 Diag_Low)
  (net 16 EXPANDER_CS)
  (net 17 Enable_IR_Line)
  (net 18 FRONT_LED)
  (net 19 GND)
  (net 20 GYRO_AN1_MISO)
  (net 21 GYRO_AN2_MOSI)
  (net 22 GYRO_P1_AN3_SCK)
  (net 23 GYRO_P2_CS)
  (net 24 IR_LED_1)
  (net 25 IR_LED_2)
  (net 26 IR_LED_3)
  (net 27 IR_LED_4)
  (net 28 IR_LED_5)
  (net 29 IR_LED_6)
  (net 30 LDiag_RX)
  (net 31 LED_1)
  (net 32 LED_2)
  (net 33 LFront)
  (net 34 LFront_RX)
  (net 35 LSide_RX)
  (net 36 L_ENC_A)
  (net 37 L_ENC_B)
  (net 38 L_PWM_ENABLE)
  (net 39 L_PWM_PHASE)
  (net 40 Line_IR_RX1)
  (net 41 Line_IR_RX2)
  (net 42 Line_IR_RX3)
  (net 43 Line_IR_RX4)
  (net 44 Line_IR_RX5)
  (net 45 MAX7317_CS)
  (net 46 MODE)
  (net 47 N-000001)
  (net 48 N-00000100)
  (net 49 N-00000101)
  (net 50 N-00000102)
  (net 51 N-00000103)
  (net 52 N-00000116)
  (net 53 N-00000117)
  (net 54 N-00000118)
  (net 55 N-0000012)
  (net 56 N-00000123)
  (net 57 N-00000124)
  (net 58 N-0000013)
  (net 59 N-0000014)
  (net 60 N-0000015)
  (net 61 N-0000016)
  (net 62 N-0000017)
  (net 63 N-0000018)
  (net 64 N-000002)
  (net 65 N-0000020)
  (net 66 N-0000021)
  (net 67 N-0000022)
  (net 68 N-0000024)
  (net 69 N-0000025)
  (net 70 N-0000026)
  (net 71 N-0000028)
  (net 72 N-000003)
  (net 73 N-0000031)
  (net 74 N-0000032)
  (net 75 N-000004)
  (net 76 N-0000048)
  (net 77 N-0000049)
  (net 78 N-000005)
  (net 79 N-0000050)
  (net 80 N-0000051)
  (net 81 N-0000052)
  (net 82 N-0000053)
  (net 83 N-0000054)
  (net 84 N-0000055)
  (net 85 N-0000056)
  (net 86 N-0000057)
  (net 87 N-0000058)
  (net 88 N-0000059)
  (net 89 N-000006)
  (net 90 N-0000061)
  (net 91 N-0000062)
  (net 92 N-0000063)
  (net 93 N-0000066)
  (net 94 N-0000067)
  (net 95 N-0000068)
  (net 96 N-000007)
  (net 97 N-0000071)
  (net 98 N-0000074)
  (net 99 N-0000075)
  (net 100 N-0000077)
  (net 101 N-0000092)
  (net 102 N-0000094)
  (net 103 N-0000095)
  (net 104 N-0000096)
  (net 105 N-0000097)
  (net 106 N-0000098)
  (net 107 N-0000099)
  (net 108 NSRST)
  (net 109 OLED_CS)
  (net 110 OLED_DC)
  (net 111 ON/OFF)
  (net 112 PA13/JTMS-SWDAT)
  (net 113 PA14/JTCK-SWCLK)
  (net 114 PA15/JTDI)
  (net 115 PB3/JTDO)
  (net 116 PB4/JTRST)
  (net 117 PIEZZO)
  (net 118 POWER_KILL)
  (net 119 POWER_LED)
  (net 120 RDiag_RX)
  (net 121 RFront)
  (net 122 RFront_RX)
  (net 123 RSide_RX)
  (net 124 R_ENC_A)
  (net 125 R_ENC_B)
  (net 126 R_PWM_ENABLE)
  (net 127 R_PWM_PHASE)
  (net 128 SLEEP)
  (net 129 SPI2_MISO)
  (net 130 SPI2_MOSI)
  (net 131 SPI2_SCLK)
  (net 132 Side_High)
  (net 133 Side_Low)
  (net 134 TEST_BAT)
  (net 135 USART_RX)
  (net 136 USART_TX)
  (net 137 WKUP)

  (net_class Default "Ceci est la Netclass par défaut"
    (clearance 0.15)
    (trace_width 0.2)
    (via_dia 0.5)
    (via_drill 0.3)
    (uvia_dia 0.508)
    (uvia_drill 0.127)
    (add_net "")
    (add_net +3.3V)
    (add_net +3.3VADC)
    (add_net +5V)
    (add_net +8V)
    (add_net +9V)
    (add_net +BATT)
    (add_net /Diag_Serie)
    (add_net /L_Motor+)
    (add_net /L_Motor-)
    (add_net /Power_FET)
    (add_net /R_Motor+)
    (add_net /R_Motor-)
    (add_net /Side_Serie)
    (add_net Diag_High)
    (add_net Diag_Low)
    (add_net EXPANDER_CS)
    (add_net Enable_IR_Line)
    (add_net FRONT_LED)
    (add_net GND)
    (add_net GYRO_AN1_MISO)
    (add_net GYRO_AN2_MOSI)
    (add_net GYRO_P1_AN3_SCK)
    (add_net GYRO_P2_CS)
    (add_net IR_LED_1)
    (add_net IR_LED_2)
    (add_net IR_LED_3)
    (add_net IR_LED_4)
    (add_net IR_LED_5)
    (add_net IR_LED_6)
    (add_net LDiag_RX)
    (add_net LED_1)
    (add_net LED_2)
    (add_net LFront)
    (add_net LFront_RX)
    (add_net LSide_RX)
    (add_net L_ENC_A)
    (add_net L_ENC_B)
    (add_net L_PWM_ENABLE)
    (add_net L_PWM_PHASE)
    (add_net Line_IR_RX1)
    (add_net Line_IR_RX2)
    (add_net Line_IR_RX3)
    (add_net Line_IR_RX4)
    (add_net Line_IR_RX5)
    (add_net MAX7317_CS)
    (add_net MODE)
    (add_net N-000001)
    (add_net N-00000100)
    (add_net N-00000101)
    (add_net N-00000102)
    (add_net N-00000103)
    (add_net N-00000116)
    (add_net N-00000117)
    (add_net N-00000118)
    (add_net N-0000012)
    (add_net N-00000123)
    (add_net N-00000124)
    (add_net N-0000013)
    (add_net N-0000014)
    (add_net N-0000015)
    (add_net N-0000016)
    (add_net N-0000017)
    (add_net N-0000018)
    (add_net N-000002)
    (add_net N-0000020)
    (add_net N-0000021)
    (add_net N-0000022)
    (add_net N-0000024)
    (add_net N-0000025)
    (add_net N-0000026)
    (add_net N-0000028)
    (add_net N-000003)
    (add_net N-0000031)
    (add_net N-0000032)
    (add_net N-000004)
    (add_net N-0000048)
    (add_net N-0000049)
    (add_net N-000005)
    (add_net N-0000050)
    (add_net N-0000051)
    (add_net N-0000052)
    (add_net N-0000053)
    (add_net N-0000054)
    (add_net N-0000055)
    (add_net N-0000056)
    (add_net N-0000057)
    (add_net N-0000058)
    (add_net N-0000059)
    (add_net N-000006)
    (add_net N-0000061)
    (add_net N-0000062)
    (add_net N-0000063)
    (add_net N-0000066)
    (add_net N-0000067)
    (add_net N-0000068)
    (add_net N-000007)
    (add_net N-0000071)
    (add_net N-0000074)
    (add_net N-0000075)
    (add_net N-0000077)
    (add_net N-0000092)
    (add_net N-0000094)
    (add_net N-0000095)
    (add_net N-0000096)
    (add_net N-0000097)
    (add_net N-0000098)
    (add_net N-0000099)
    (add_net NSRST)
    (add_net OLED_CS)
    (add_net OLED_DC)
    (add_net ON/OFF)
    (add_net PA13/JTMS-SWDAT)
    (add_net PA14/JTCK-SWCLK)
    (add_net PA15/JTDI)
    (add_net PB3/JTDO)
    (add_net PB4/JTRST)
    (add_net PIEZZO)
    (add_net POWER_KILL)
    (add_net POWER_LED)
    (add_net RDiag_RX)
    (add_net RFront)
    (add_net RFront_RX)
    (add_net RSide_RX)
    (add_net R_ENC_A)
    (add_net R_ENC_B)
    (add_net R_PWM_ENABLE)
    (add_net R_PWM_PHASE)
    (add_net SLEEP)
    (add_net SPI2_MISO)
    (add_net SPI2_MOSI)
    (add_net SPI2_SCLK)
    (add_net Side_High)
    (add_net Side_Low)
    (add_net TEST_BAT)
    (add_net USART_RX)
    (add_net USART_TX)
    (add_net WKUP)
  )

  (module Zones_Interdites   locked (layer Dessus) (tedit 5189685D) (tstamp 51890B00)
    (at 115 136.5)
    (fp_text reference Zones_Interdites (at -11 -20) (layer Dessus.SilkS)
      (effects (font (size 1 1) (thickness 0.25)))
    )
    (fp_text value VAL** (at 12 -20) (layer Dessus.SilkS)
      (effects (font (size 1 1) (thickness 0.25)))
    )
    (pad "" np_thru_hole rect (at -12.25 -21.5) (size 10 11.45) (drill 0.762)
      (layers *.Cu *.Mask Dessus.SilkS)
    )
    (pad "" np_thru_hole rect (at -11.25 -21.5) (size 17.5 9.5) (drill 0.762)
      (layers *.Cu *.Mask Dessus.SilkS)
    )
    (pad "" np_thru_hole rect (at 11.25 -21.5) (size 17.5 9.5) (drill 0.762)
      (layers *.Cu *.Mask Dessus.SilkS)
    )
    (pad "" np_thru_hole rect (at 12.25 -21.5) (size 10 11.45) (drill 0.762)
      (layers *.Cu *.Mask Dessus.SilkS)
    )
  )

  (module QRE1113GR   locked (layer Dessous) (tedit 50F030CE) (tstamp 518207EA)
    (at 115 65.75 180)
    (path /518528FB)
    (fp_text reference U18 (at 0.09906 2.30124 180) (layer Dessous.SilkS)
      (effects (font (size 0.39878 0.39878) (thickness 0.09906)) (justify mirror))
    )
    (fp_text value Line_3 (at 0.50038 -2.30124 180) (layer Dessous.SilkS)
      (effects (font (size 0.39878 0.39878) (thickness 0.09906)) (justify mirror))
    )
    (fp_line (start -1.19888 -0.20066) (end 1.19888 -0.20066) (layer Dessous.SilkS) (width 0.20066))
    (fp_line (start 1.19888 -0.20066) (end 1.19888 -1.50114) (layer Dessous.SilkS) (width 0.20066))
    (fp_line (start 1.19888 -1.50114) (end -0.89916 -1.50114) (layer Dessous.SilkS) (width 0.20066))
    (fp_line (start -0.89916 -1.50114) (end -1.00076 -1.50114) (layer Dessous.SilkS) (width 0.20066))
    (fp_line (start -1.00076 -1.50114) (end -1.19888 -1.30048) (layer Dessous.SilkS) (width 0.20066))
    (fp_line (start -1.19888 -1.30048) (end -1.19888 -0.20066) (layer Dessous.SilkS) (width 0.20066))
    (fp_line (start -1.19888 1.50114) (end 1.19888 1.50114) (layer Dessous.SilkS) (width 0.20066))
    (fp_line (start 1.19888 1.50114) (end 1.19888 0.20066) (layer Dessous.SilkS) (width 0.20066))
    (fp_line (start 1.19888 0.20066) (end -1.19888 0.20066) (layer Dessous.SilkS) (width 0.20066))
    (fp_line (start -1.19888 0.20066) (end -1.19888 1.50114) (layer Dessous.SilkS) (width 0.20066))
    (fp_line (start -1.50114 -1.39954) (end -1.50114 1.80086) (layer Dessous.SilkS) (width 0.20066))
    (fp_line (start -1.50114 -1.39954) (end -1.09982 -1.80086) (layer Dessous.SilkS) (width 0.20066))
    (fp_line (start -1.09982 -1.80086) (end 1.50114 -1.80086) (layer Dessous.SilkS) (width 0.20066))
    (fp_line (start 1.50114 -0.59944) (end 2.4003 -0.59944) (layer Dessous.SilkS) (width 0.20066))
    (fp_line (start 2.4003 -0.59944) (end 2.4003 -1.19888) (layer Dessous.SilkS) (width 0.20066))
    (fp_line (start 2.4003 -1.19888) (end 1.50114 -1.19888) (layer Dessous.SilkS) (width 0.20066))
    (fp_line (start 1.50114 1.19888) (end 2.4003 1.19888) (layer Dessous.SilkS) (width 0.20066))
    (fp_line (start 2.4003 1.19888) (end 2.4003 0.59944) (layer Dessous.SilkS) (width 0.20066))
    (fp_line (start 2.4003 0.59944) (end 1.50114 0.59944) (layer Dessous.SilkS) (width 0.20066))
    (fp_line (start -1.50114 -0.59944) (end -2.4003 -0.59944) (layer Dessous.SilkS) (width 0.20066))
    (fp_line (start -2.4003 -0.59944) (end -2.4003 -1.19888) (layer Dessous.SilkS) (width 0.20066))
    (fp_line (start -2.4003 -1.19888) (end -1.50114 -1.19888) (layer Dessous.SilkS) (width 0.20066))
    (fp_line (start -1.50114 1.19888) (end -2.4003 1.19888) (layer Dessous.SilkS) (width 0.20066))
    (fp_line (start -2.4003 1.19888) (end -2.4003 0.59944) (layer Dessous.SilkS) (width 0.20066))
    (fp_line (start -2.4003 0.59944) (end -1.50114 0.59944) (layer Dessous.SilkS) (width 0.20066))
    (fp_line (start -1.50114 1.80086) (end 1.50114 1.80086) (layer Dessous.SilkS) (width 0.20066))
    (fp_line (start 1.50114 1.80086) (end 1.50114 -1.80086) (layer Dessous.SilkS) (width 0.20066))
    (pad 1 smd rect (at -2.30124 -0.89916 180) (size 1.30048 0.89916)
      (layers Dessous Dessous.Pate Dessous.Masque)
      (net 75 N-000004)
    )
    (pad 2 smd rect (at 2.30124 -0.89916 180) (size 1.30048 0.89916)
      (layers Dessous Dessous.Pate Dessous.Masque)
      (net 91 N-0000062)
    )
    (pad 3 smd rect (at 2.30124 0.89916 180) (size 1.30048 0.89916)
      (layers Dessous Dessous.Pate Dessous.Masque)
      (net 58 N-0000013)
    )
    (pad 4 smd rect (at -2.30124 0.89916 180) (size 1.30048 0.89916)
      (layers Dessous Dessous.Pate Dessous.Masque)
      (net 19 GND)
    )
  )

  (module SOT23_6 (layer Dessous) (tedit 4ECF791C) (tstamp 51854366)
    (at 114 135.25 90)
    (path /518528AB)
    (fp_text reference U5 (at 1.99898 0 360) (layer Dessous.SilkS)
      (effects (font (size 0.762 0.762) (thickness 0.0762)) (justify mirror))
    )
    (fp_text value IRF5810 (at 0.0635 0 90) (layer Dessous.SilkS)
      (effects (font (size 0.50038 0.50038) (thickness 0.0762)) (justify mirror))
    )
    (fp_line (start -0.508 -0.762) (end -1.27 -0.254) (layer Dessous.SilkS) (width 0.127))
    (fp_line (start 1.27 -0.762) (end -1.3335 -0.762) (layer Dessous.SilkS) (width 0.127))
    (fp_line (start -1.3335 -0.762) (end -1.3335 0.762) (layer Dessous.SilkS) (width 0.127))
    (fp_line (start -1.3335 0.762) (end 1.27 0.762) (layer Dessous.SilkS) (width 0.127))
    (fp_line (start 1.27 0.762) (end 1.27 -0.762) (layer Dessous.SilkS) (width 0.127))
    (pad 6 smd rect (at -0.9525 1.27 90) (size 0.70104 1.00076)
      (layers Dessous Dessous.Pate Dessous.Masque)
      (net 4 +8V)
    )
    (pad 5 smd rect (at 0 1.27 90) (size 0.70104 1.00076)
      (layers Dessous Dessous.Pate Dessous.Masque)
      (net 10 /Power_FET)
    )
    (pad 4 smd rect (at 0.9525 1.27 90) (size 0.70104 1.00076)
      (layers Dessous Dessous.Pate Dessous.Masque)
      (net 10 /Power_FET)
    )
    (pad 3 smd rect (at 0.9525 -1.27 90) (size 0.70104 1.00076)
      (layers Dessous Dessous.Pate Dessous.Masque)
      (net 5 +9V)
    )
    (pad 2 smd rect (at 0 -1.27 90) (size 0.70104 1.00076)
      (layers Dessous Dessous.Pate Dessous.Masque)
      (net 6 +BATT)
    )
    (pad 1 smd rect (at -0.9525 -1.27 90) (size 0.70104 1.00076)
      (layers Dessous Dessous.Pate Dessous.Masque)
      (net 55 N-0000012)
    )
    (model smd/SOT23_6.wrl
      (at (xyz 0 0 0))
      (scale (xyz 0.11 0.11 0.11))
      (rotate (xyz 0 0 0))
    )
  )

  (module SM0805   placed (layer Dessous) (tedit 5091495C) (tstamp 518692E6)
    (at 112.25 60.5 90)
    (path /518528B4)
    (attr smd)
    (fp_text reference R36 (at 0 0.3175 90) (layer Dessous.SilkS)
      (effects (font (size 0.50038 0.50038) (thickness 0.10922)) (justify mirror))
    )
    (fp_text value "5,6 0,2W" (at 0 -0.381 90) (layer Dessous.SilkS)
      (effects (font (size 0.50038 0.50038) (thickness 0.10922)) (justify mirror))
    )
    (fp_circle (center -1.651 -0.762) (end -1.651 -0.635) (layer Dessous.SilkS) (width 0.09906))
    (fp_line (start -0.508 -0.762) (end -1.524 -0.762) (layer Dessous.SilkS) (width 0.09906))
    (fp_line (start -1.524 -0.762) (end -1.524 0.762) (layer Dessous.SilkS) (width 0.09906))
    (fp_line (start -1.524 0.762) (end -0.508 0.762) (layer Dessous.SilkS) (width 0.09906))
    (fp_line (start 0.508 0.762) (end 1.524 0.762) (layer Dessous.SilkS) (width 0.09906))
    (fp_line (start 1.524 0.762) (end 1.524 -0.762) (layer Dessous.SilkS) (width 0.09906))
    (fp_line (start 1.524 -0.762) (end 0.508 -0.762) (layer Dessous.SilkS) (width 0.09906))
    (pad 1 smd rect (at -0.9525 0 90) (size 0.889 1.397)
      (layers Dessous Dessous.Pate Dessous.Masque)
      (net 107 N-0000099)
    )
    (pad 2 smd rect (at 0.9525 0 90) (size 0.889 1.397)
      (layers Dessous Dessous.Pate Dessous.Masque)
      (net 81 N-0000052)
    )
    (model smd/chip_cms.wrl
      (at (xyz 0 0 0))
      (scale (xyz 0.1 0.1 0.1))
      (rotate (xyz 0 0 0))
    )
  )

  (module SM0805   placed (layer Dessous) (tedit 5091495C) (tstamp 518692D8)
    (at 95.25 81.75)
    (path /5185288F)
    (attr smd)
    (fp_text reference R34 (at 0 0.3175) (layer Dessous.SilkS)
      (effects (font (size 0.50038 0.50038) (thickness 0.10922)) (justify mirror))
    )
    (fp_text value "12 0,3W" (at 0 -0.381) (layer Dessous.SilkS)
      (effects (font (size 0.50038 0.50038) (thickness 0.10922)) (justify mirror))
    )
    (fp_circle (center -1.651 -0.762) (end -1.651 -0.635) (layer Dessous.SilkS) (width 0.09906))
    (fp_line (start -0.508 -0.762) (end -1.524 -0.762) (layer Dessous.SilkS) (width 0.09906))
    (fp_line (start -1.524 -0.762) (end -1.524 0.762) (layer Dessous.SilkS) (width 0.09906))
    (fp_line (start -1.524 0.762) (end -0.508 0.762) (layer Dessous.SilkS) (width 0.09906))
    (fp_line (start 0.508 0.762) (end 1.524 0.762) (layer Dessous.SilkS) (width 0.09906))
    (fp_line (start 1.524 0.762) (end 1.524 -0.762) (layer Dessous.SilkS) (width 0.09906))
    (fp_line (start 1.524 -0.762) (end 0.508 -0.762) (layer Dessous.SilkS) (width 0.09906))
    (pad 1 smd rect (at -0.9525 0) (size 0.889 1.397)
      (layers Dessous Dessous.Pate Dessous.Masque)
      (net 70 N-0000026)
    )
    (pad 2 smd rect (at 0.9525 0) (size 0.889 1.397)
      (layers Dessous Dessous.Pate Dessous.Masque)
      (net 102 N-0000094)
    )
    (model smd/chip_cms.wrl
      (at (xyz 0 0 0))
      (scale (xyz 0.1 0.1 0.1))
      (rotate (xyz 0 0 0))
    )
  )

  (module SM0805   placed (layer Dessous) (tedit 5091495C) (tstamp 518692CA)
    (at 95.25 76.25 180)
    (path /518528B1)
    (attr smd)
    (fp_text reference R35 (at 0 0.3175 180) (layer Dessous.SilkS)
      (effects (font (size 0.50038 0.50038) (thickness 0.10922)) (justify mirror))
    )
    (fp_text value "5,6 0,2W" (at 0 -0.381 180) (layer Dessous.SilkS)
      (effects (font (size 0.50038 0.50038) (thickness 0.10922)) (justify mirror))
    )
    (fp_circle (center -1.651 -0.762) (end -1.651 -0.635) (layer Dessous.SilkS) (width 0.09906))
    (fp_line (start -0.508 -0.762) (end -1.524 -0.762) (layer Dessous.SilkS) (width 0.09906))
    (fp_line (start -1.524 -0.762) (end -1.524 0.762) (layer Dessous.SilkS) (width 0.09906))
    (fp_line (start -1.524 0.762) (end -0.508 0.762) (layer Dessous.SilkS) (width 0.09906))
    (fp_line (start 0.508 0.762) (end 1.524 0.762) (layer Dessous.SilkS) (width 0.09906))
    (fp_line (start 1.524 0.762) (end 1.524 -0.762) (layer Dessous.SilkS) (width 0.09906))
    (fp_line (start 1.524 -0.762) (end 0.508 -0.762) (layer Dessous.SilkS) (width 0.09906))
    (pad 1 smd rect (at -0.9525 0 180) (size 0.889 1.397)
      (layers Dessous Dessous.Pate Dessous.Masque)
      (net 103 N-0000095)
    )
    (pad 2 smd rect (at 0.9525 0 180) (size 0.889 1.397)
      (layers Dessous Dessous.Pate Dessous.Masque)
      (net 81 N-0000052)
    )
    (model smd/chip_cms.wrl
      (at (xyz 0 0 0))
      (scale (xyz 0.1 0.1 0.1))
      (rotate (xyz 0 0 0))
    )
  )

  (module SM0805   placed (layer Dessous) (tedit 5091495C) (tstamp 518692AE)
    (at 117.75 60.5 90)
    (path /518528B3)
    (attr smd)
    (fp_text reference R37 (at 0 0.3175 90) (layer Dessous.SilkS)
      (effects (font (size 0.50038 0.50038) (thickness 0.10922)) (justify mirror))
    )
    (fp_text value "5,6 0,2W" (at 0 -0.381 90) (layer Dessous.SilkS)
      (effects (font (size 0.50038 0.50038) (thickness 0.10922)) (justify mirror))
    )
    (fp_circle (center -1.651 -0.762) (end -1.651 -0.635) (layer Dessous.SilkS) (width 0.09906))
    (fp_line (start -0.508 -0.762) (end -1.524 -0.762) (layer Dessous.SilkS) (width 0.09906))
    (fp_line (start -1.524 -0.762) (end -1.524 0.762) (layer Dessous.SilkS) (width 0.09906))
    (fp_line (start -1.524 0.762) (end -0.508 0.762) (layer Dessous.SilkS) (width 0.09906))
    (fp_line (start 0.508 0.762) (end 1.524 0.762) (layer Dessous.SilkS) (width 0.09906))
    (fp_line (start 1.524 0.762) (end 1.524 -0.762) (layer Dessous.SilkS) (width 0.09906))
    (fp_line (start 1.524 -0.762) (end 0.508 -0.762) (layer Dessous.SilkS) (width 0.09906))
    (pad 1 smd rect (at -0.9525 0 90) (size 0.889 1.397)
      (layers Dessous Dessous.Pate Dessous.Masque)
      (net 48 N-00000100)
    )
    (pad 2 smd rect (at 0.9525 0 90) (size 0.889 1.397)
      (layers Dessous Dessous.Pate Dessous.Masque)
      (net 80 N-0000051)
    )
    (model smd/chip_cms.wrl
      (at (xyz 0 0 0))
      (scale (xyz 0.1 0.1 0.1))
      (rotate (xyz 0 0 0))
    )
  )

  (module SM0805   placed (layer Dessous) (tedit 5091495C) (tstamp 518692A0)
    (at 134.75 76.25 180)
    (path /518528B2)
    (attr smd)
    (fp_text reference R38 (at 0 0.3175 180) (layer Dessous.SilkS)
      (effects (font (size 0.50038 0.50038) (thickness 0.10922)) (justify mirror))
    )
    (fp_text value "5,6 0,2W" (at 0 -0.381 180) (layer Dessous.SilkS)
      (effects (font (size 0.50038 0.50038) (thickness 0.10922)) (justify mirror))
    )
    (fp_circle (center -1.651 -0.762) (end -1.651 -0.635) (layer Dessous.SilkS) (width 0.09906))
    (fp_line (start -0.508 -0.762) (end -1.524 -0.762) (layer Dessous.SilkS) (width 0.09906))
    (fp_line (start -1.524 -0.762) (end -1.524 0.762) (layer Dessous.SilkS) (width 0.09906))
    (fp_line (start -1.524 0.762) (end -0.508 0.762) (layer Dessous.SilkS) (width 0.09906))
    (fp_line (start 0.508 0.762) (end 1.524 0.762) (layer Dessous.SilkS) (width 0.09906))
    (fp_line (start 1.524 0.762) (end 1.524 -0.762) (layer Dessous.SilkS) (width 0.09906))
    (fp_line (start 1.524 -0.762) (end 0.508 -0.762) (layer Dessous.SilkS) (width 0.09906))
    (pad 1 smd rect (at -0.9525 0 180) (size 0.889 1.397)
      (layers Dessous Dessous.Pate Dessous.Masque)
      (net 80 N-0000051)
    )
    (pad 2 smd rect (at 0.9525 0 180) (size 0.889 1.397)
      (layers Dessous Dessous.Pate Dessous.Masque)
      (net 106 N-0000098)
    )
    (model smd/chip_cms.wrl
      (at (xyz 0 0 0))
      (scale (xyz 0.1 0.1 0.1))
      (rotate (xyz 0 0 0))
    )
  )

  (module SM0805   placed (layer Dessous) (tedit 5091495C) (tstamp 51869292)
    (at 145.75 79.75 270)
    (path /5185288E)
    (attr smd)
    (fp_text reference R39 (at 0 0.3175 270) (layer Dessous.SilkS)
      (effects (font (size 0.50038 0.50038) (thickness 0.10922)) (justify mirror))
    )
    (fp_text value "12 0,3W" (at 0 -0.381 270) (layer Dessous.SilkS)
      (effects (font (size 0.50038 0.50038) (thickness 0.10922)) (justify mirror))
    )
    (fp_circle (center -1.651 -0.762) (end -1.651 -0.635) (layer Dessous.SilkS) (width 0.09906))
    (fp_line (start -0.508 -0.762) (end -1.524 -0.762) (layer Dessous.SilkS) (width 0.09906))
    (fp_line (start -1.524 -0.762) (end -1.524 0.762) (layer Dessous.SilkS) (width 0.09906))
    (fp_line (start -1.524 0.762) (end -0.508 0.762) (layer Dessous.SilkS) (width 0.09906))
    (fp_line (start 0.508 0.762) (end 1.524 0.762) (layer Dessous.SilkS) (width 0.09906))
    (fp_line (start 1.524 0.762) (end 1.524 -0.762) (layer Dessous.SilkS) (width 0.09906))
    (fp_line (start 1.524 -0.762) (end 0.508 -0.762) (layer Dessous.SilkS) (width 0.09906))
    (pad 1 smd rect (at -0.9525 0 270) (size 0.889 1.397)
      (layers Dessous Dessous.Pate Dessous.Masque)
      (net 73 N-0000031)
    )
    (pad 2 smd rect (at 0.9525 0 270) (size 0.889 1.397)
      (layers Dessous Dessous.Pate Dessous.Masque)
      (net 105 N-0000097)
    )
    (model smd/chip_cms.wrl
      (at (xyz 0 0 0))
      (scale (xyz 0.1 0.1 0.1))
      (rotate (xyz 0 0 0))
    )
  )

  (module SM0603_Capa   placed (layer Dessus) (tedit 5051B1EC) (tstamp 51869284)
    (at 131.625 93.375)
    (path /5185291E)
    (attr smd)
    (fp_text reference C8 (at 0 0 90) (layer Dessus.SilkS)
      (effects (font (size 0.508 0.4572) (thickness 0.1143)))
    )
    (fp_text value 0,1uF (at -1.651 0 90) (layer Dessus.SilkS)
      (effects (font (size 0.508 0.4572) (thickness 0.1143)))
    )
    (fp_line (start 0.50038 0.65024) (end 1.19888 0.65024) (layer Dessus.SilkS) (width 0.11938))
    (fp_line (start -0.50038 0.65024) (end -1.19888 0.65024) (layer Dessus.SilkS) (width 0.11938))
    (fp_line (start 0.50038 -0.65024) (end 1.19888 -0.65024) (layer Dessus.SilkS) (width 0.11938))
    (fp_line (start -1.19888 -0.65024) (end -0.50038 -0.65024) (layer Dessus.SilkS) (width 0.11938))
    (fp_line (start 1.19888 -0.635) (end 1.19888 0.635) (layer Dessus.SilkS) (width 0.11938))
    (fp_line (start -1.19888 0.635) (end -1.19888 -0.635) (layer Dessus.SilkS) (width 0.11938))
    (pad 1 smd rect (at -0.762 0) (size 0.635 1.143)
      (layers Dessus Dessus.Pate Dessus.Masque)
      (net 51 N-00000103)
    )
    (pad 2 smd rect (at 0.762 0) (size 0.635 1.143)
      (layers Dessus Dessus.Pate Dessus.Masque)
      (net 4 +8V)
    )
    (model smd\capacitors\C0603.wrl
      (at (xyz 0 0 0.001))
      (scale (xyz 0.5 0.5 0.5))
      (rotate (xyz 0 0 0))
    )
  )

  (module SM0603_Capa   placed (layer Dessus) (tedit 5051B1EC) (tstamp 518970D9)
    (at 133.125 96.125 270)
    (path /5185291F)
    (attr smd)
    (fp_text reference C13 (at 0 0 360) (layer Dessus.SilkS)
      (effects (font (size 0.508 0.4572) (thickness 0.1143)))
    )
    (fp_text value 0,1uF (at -1.651 0 360) (layer Dessus.SilkS)
      (effects (font (size 0.508 0.4572) (thickness 0.1143)))
    )
    (fp_line (start 0.50038 0.65024) (end 1.19888 0.65024) (layer Dessus.SilkS) (width 0.11938))
    (fp_line (start -0.50038 0.65024) (end -1.19888 0.65024) (layer Dessus.SilkS) (width 0.11938))
    (fp_line (start 0.50038 -0.65024) (end 1.19888 -0.65024) (layer Dessus.SilkS) (width 0.11938))
    (fp_line (start -1.19888 -0.65024) (end -0.50038 -0.65024) (layer Dessus.SilkS) (width 0.11938))
    (fp_line (start 1.19888 -0.635) (end 1.19888 0.635) (layer Dessus.SilkS) (width 0.11938))
    (fp_line (start -1.19888 0.635) (end -1.19888 -0.635) (layer Dessus.SilkS) (width 0.11938))
    (pad 1 smd rect (at -0.762 0 270) (size 0.635 1.143)
      (layers Dessus Dessus.Pate Dessus.Masque)
      (net 96 N-000007)
    )
    (pad 2 smd rect (at 0.762 0 270) (size 0.635 1.143)
      (layers Dessus Dessus.Pate Dessus.Masque)
      (net 68 N-0000024)
    )
    (model smd\capacitors\C0603.wrl
      (at (xyz 0 0 0.001))
      (scale (xyz 0.5 0.5 0.5))
      (rotate (xyz 0 0 0))
    )
  )

  (module SM0603_Capa   placed (layer Dessous) (tedit 5051B1EC) (tstamp 5186926A)
    (at 107.25 136.75)
    (path /518528CE)
    (attr smd)
    (fp_text reference C1 (at 0 0 270) (layer Dessous.SilkS)
      (effects (font (size 0.508 0.4572) (thickness 0.1143)) (justify mirror))
    )
    (fp_text value 2,2uF (at -1.651 0 270) (layer Dessous.SilkS)
      (effects (font (size 0.508 0.4572) (thickness 0.1143)) (justify mirror))
    )
    (fp_line (start 0.50038 -0.65024) (end 1.19888 -0.65024) (layer Dessous.SilkS) (width 0.11938))
    (fp_line (start -0.50038 -0.65024) (end -1.19888 -0.65024) (layer Dessous.SilkS) (width 0.11938))
    (fp_line (start 0.50038 0.65024) (end 1.19888 0.65024) (layer Dessous.SilkS) (width 0.11938))
    (fp_line (start -1.19888 0.65024) (end -0.50038 0.65024) (layer Dessous.SilkS) (width 0.11938))
    (fp_line (start 1.19888 0.635) (end 1.19888 -0.635) (layer Dessous.SilkS) (width 0.11938))
    (fp_line (start -1.19888 -0.635) (end -1.19888 0.635) (layer Dessous.SilkS) (width 0.11938))
    (pad 1 smd rect (at -0.762 0) (size 0.635 1.143)
      (layers Dessous Dessous.Pate Dessous.Masque)
      (net 5 +9V)
    )
    (pad 2 smd rect (at 0.762 0) (size 0.635 1.143)
      (layers Dessous Dessous.Pate Dessous.Masque)
      (net 19 GND)
    )
    (model smd\capacitors\C0603.wrl
      (at (xyz 0 0 0.001))
      (scale (xyz 0.5 0.5 0.5))
      (rotate (xyz 0 0 0))
    )
  )

  (module SM0603_Capa   placed (layer Dessus) (tedit 5051B1EC) (tstamp 5186925D)
    (at 132.375 91.125 90)
    (path /51852922)
    (attr smd)
    (fp_text reference C6 (at 0 0 180) (layer Dessus.SilkS)
      (effects (font (size 0.508 0.4572) (thickness 0.1143)))
    )
    (fp_text value 0,1uF (at -1.651 0 180) (layer Dessus.SilkS)
      (effects (font (size 0.508 0.4572) (thickness 0.1143)))
    )
    (fp_line (start 0.50038 0.65024) (end 1.19888 0.65024) (layer Dessus.SilkS) (width 0.11938))
    (fp_line (start -0.50038 0.65024) (end -1.19888 0.65024) (layer Dessus.SilkS) (width 0.11938))
    (fp_line (start 0.50038 -0.65024) (end 1.19888 -0.65024) (layer Dessus.SilkS) (width 0.11938))
    (fp_line (start -1.19888 -0.65024) (end -0.50038 -0.65024) (layer Dessus.SilkS) (width 0.11938))
    (fp_line (start 1.19888 -0.635) (end 1.19888 0.635) (layer Dessus.SilkS) (width 0.11938))
    (fp_line (start -1.19888 0.635) (end -1.19888 -0.635) (layer Dessus.SilkS) (width 0.11938))
    (pad 1 smd rect (at -0.762 0 90) (size 0.635 1.143)
      (layers Dessus Dessus.Pate Dessus.Masque)
      (net 4 +8V)
    )
    (pad 2 smd rect (at 0.762 0 90) (size 0.635 1.143)
      (layers Dessus Dessus.Pate Dessus.Masque)
      (net 19 GND)
    )
    (model smd\capacitors\C0603.wrl
      (at (xyz 0 0 0.001))
      (scale (xyz 0.5 0.5 0.5))
      (rotate (xyz 0 0 0))
    )
  )

  (module SM0603_Capa   placed (layer Dessous) (tedit 5051B1EC) (tstamp 51869243)
    (at 137.4 83.8 270)
    (path /518528B9)
    (attr smd)
    (fp_text reference C30 (at 0 0 540) (layer Dessous.SilkS)
      (effects (font (size 0.508 0.4572) (thickness 0.1143)) (justify mirror))
    )
    (fp_text value 4,7uF (at -1.651 0 540) (layer Dessous.SilkS)
      (effects (font (size 0.508 0.4572) (thickness 0.1143)) (justify mirror))
    )
    (fp_line (start 0.50038 -0.65024) (end 1.19888 -0.65024) (layer Dessous.SilkS) (width 0.11938))
    (fp_line (start -0.50038 -0.65024) (end -1.19888 -0.65024) (layer Dessous.SilkS) (width 0.11938))
    (fp_line (start 0.50038 0.65024) (end 1.19888 0.65024) (layer Dessous.SilkS) (width 0.11938))
    (fp_line (start -1.19888 0.65024) (end -0.50038 0.65024) (layer Dessous.SilkS) (width 0.11938))
    (fp_line (start 1.19888 0.635) (end 1.19888 -0.635) (layer Dessous.SilkS) (width 0.11938))
    (fp_line (start -1.19888 -0.635) (end -1.19888 0.635) (layer Dessous.SilkS) (width 0.11938))
    (pad 1 smd rect (at -0.762 0 270) (size 0.635 1.143)
      (layers Dessous Dessous.Pate Dessous.Masque)
      (net 3 +5V)
    )
    (pad 2 smd rect (at 0.762 0 270) (size 0.635 1.143)
      (layers Dessous Dessous.Pate Dessous.Masque)
      (net 19 GND)
    )
    (model smd\capacitors\C0603.wrl
      (at (xyz 0 0 0.001))
      (scale (xyz 0.5 0.5 0.5))
      (rotate (xyz 0 0 0))
    )
  )

  (module SM0603_Capa   placed (layer Dessus) (tedit 5051B1EC) (tstamp 51869236)
    (at 124.25 85.75 180)
    (path /51852931)
    (attr smd)
    (fp_text reference C25 (at 0 0 270) (layer Dessus.SilkS)
      (effects (font (size 0.508 0.4572) (thickness 0.1143)))
    )
    (fp_text value 0,1uF (at -1.651 0 270) (layer Dessus.SilkS)
      (effects (font (size 0.508 0.4572) (thickness 0.1143)))
    )
    (fp_line (start 0.50038 0.65024) (end 1.19888 0.65024) (layer Dessus.SilkS) (width 0.11938))
    (fp_line (start -0.50038 0.65024) (end -1.19888 0.65024) (layer Dessus.SilkS) (width 0.11938))
    (fp_line (start 0.50038 -0.65024) (end 1.19888 -0.65024) (layer Dessus.SilkS) (width 0.11938))
    (fp_line (start -1.19888 -0.65024) (end -0.50038 -0.65024) (layer Dessus.SilkS) (width 0.11938))
    (fp_line (start 1.19888 -0.635) (end 1.19888 0.635) (layer Dessus.SilkS) (width 0.11938))
    (fp_line (start -1.19888 0.635) (end -1.19888 -0.635) (layer Dessus.SilkS) (width 0.11938))
    (pad 1 smd rect (at -0.762 0 180) (size 0.635 1.143)
      (layers Dessus Dessus.Pate Dessus.Masque)
      (net 19 GND)
    )
    (pad 2 smd rect (at 0.762 0 180) (size 0.635 1.143)
      (layers Dessus Dessus.Pate Dessus.Masque)
      (net 1 +3.3V)
    )
    (model smd\capacitors\C0603.wrl
      (at (xyz 0 0 0.001))
      (scale (xyz 0.5 0.5 0.5))
      (rotate (xyz 0 0 0))
    )
  )

  (module SM0603_Capa   placed (layer Dessus) (tedit 5051B1EC) (tstamp 51869229)
    (at 104.5 73.5 90)
    (path /5185292D)
    (attr smd)
    (fp_text reference C26 (at 0 0 180) (layer Dessus.SilkS)
      (effects (font (size 0.508 0.4572) (thickness 0.1143)))
    )
    (fp_text value 1uF (at -1.651 0 180) (layer Dessus.SilkS)
      (effects (font (size 0.508 0.4572) (thickness 0.1143)))
    )
    (fp_line (start 0.50038 0.65024) (end 1.19888 0.65024) (layer Dessus.SilkS) (width 0.11938))
    (fp_line (start -0.50038 0.65024) (end -1.19888 0.65024) (layer Dessus.SilkS) (width 0.11938))
    (fp_line (start 0.50038 -0.65024) (end 1.19888 -0.65024) (layer Dessus.SilkS) (width 0.11938))
    (fp_line (start -1.19888 -0.65024) (end -0.50038 -0.65024) (layer Dessus.SilkS) (width 0.11938))
    (fp_line (start 1.19888 -0.635) (end 1.19888 0.635) (layer Dessus.SilkS) (width 0.11938))
    (fp_line (start -1.19888 0.635) (end -1.19888 -0.635) (layer Dessus.SilkS) (width 0.11938))
    (pad 1 smd rect (at -0.762 0 90) (size 0.635 1.143)
      (layers Dessus Dessus.Pate Dessus.Masque)
      (net 2 +3.3VADC)
    )
    (pad 2 smd rect (at 0.762 0 90) (size 0.635 1.143)
      (layers Dessus Dessus.Pate Dessus.Masque)
      (net 19 GND)
    )
    (model smd\capacitors\C0603.wrl
      (at (xyz 0 0 0.001))
      (scale (xyz 0.5 0.5 0.5))
      (rotate (xyz 0 0 0))
    )
  )

  (module SM0603_Capa   placed (layer Dessus) (tedit 5051B1EC) (tstamp 5186921C)
    (at 124.25 87.25 180)
    (path /51852936)
    (attr smd)
    (fp_text reference C29 (at 0 0 270) (layer Dessus.SilkS)
      (effects (font (size 0.508 0.4572) (thickness 0.1143)))
    )
    (fp_text value 2,2uF (at -1.651 0 270) (layer Dessus.SilkS)
      (effects (font (size 0.508 0.4572) (thickness 0.1143)))
    )
    (fp_line (start 0.50038 0.65024) (end 1.19888 0.65024) (layer Dessus.SilkS) (width 0.11938))
    (fp_line (start -0.50038 0.65024) (end -1.19888 0.65024) (layer Dessus.SilkS) (width 0.11938))
    (fp_line (start 0.50038 -0.65024) (end 1.19888 -0.65024) (layer Dessus.SilkS) (width 0.11938))
    (fp_line (start -1.19888 -0.65024) (end -0.50038 -0.65024) (layer Dessus.SilkS) (width 0.11938))
    (fp_line (start 1.19888 -0.635) (end 1.19888 0.635) (layer Dessus.SilkS) (width 0.11938))
    (fp_line (start -1.19888 0.635) (end -1.19888 -0.635) (layer Dessus.SilkS) (width 0.11938))
    (pad 1 smd rect (at -0.762 0 180) (size 0.635 1.143)
      (layers Dessus Dessus.Pate Dessus.Masque)
      (net 19 GND)
    )
    (pad 2 smd rect (at 0.762 0 180) (size 0.635 1.143)
      (layers Dessus Dessus.Pate Dessus.Masque)
      (net 69 N-0000025)
    )
    (model smd\capacitors\C0603.wrl
      (at (xyz 0 0 0.001))
      (scale (xyz 0.5 0.5 0.5))
      (rotate (xyz 0 0 0))
    )
  )

  (module SM0603_Capa   placed (layer Dessus) (tedit 5051B1EC) (tstamp 5186920F)
    (at 129.875 91.125 270)
    (path /5185291D)
    (attr smd)
    (fp_text reference C4 (at 0 0 360) (layer Dessus.SilkS)
      (effects (font (size 0.508 0.4572) (thickness 0.1143)))
    )
    (fp_text value 0,22uF (at -1.651 0 360) (layer Dessus.SilkS)
      (effects (font (size 0.508 0.4572) (thickness 0.1143)))
    )
    (fp_line (start 0.50038 0.65024) (end 1.19888 0.65024) (layer Dessus.SilkS) (width 0.11938))
    (fp_line (start -0.50038 0.65024) (end -1.19888 0.65024) (layer Dessus.SilkS) (width 0.11938))
    (fp_line (start 0.50038 -0.65024) (end 1.19888 -0.65024) (layer Dessus.SilkS) (width 0.11938))
    (fp_line (start -1.19888 -0.65024) (end -0.50038 -0.65024) (layer Dessus.SilkS) (width 0.11938))
    (fp_line (start 1.19888 -0.635) (end 1.19888 0.635) (layer Dessus.SilkS) (width 0.11938))
    (fp_line (start -1.19888 0.635) (end -1.19888 -0.635) (layer Dessus.SilkS) (width 0.11938))
    (pad 1 smd rect (at -0.762 0 270) (size 0.635 1.143)
      (layers Dessus Dessus.Pate Dessus.Masque)
      (net 19 GND)
    )
    (pad 2 smd rect (at 0.762 0 270) (size 0.635 1.143)
      (layers Dessus Dessus.Pate Dessus.Masque)
      (net 67 N-0000022)
    )
    (model smd\capacitors\C0603.wrl
      (at (xyz 0 0 0.001))
      (scale (xyz 0.5 0.5 0.5))
      (rotate (xyz 0 0 0))
    )
  )

  (module SM0603_Capa   placed (layer Dessus) (tedit 518C15A2) (tstamp 518C1625)
    (at 94.75 94 180)
    (path /51852925)
    (attr smd)
    (fp_text reference C5 (at 0 0 180) (layer Dessus.SilkS)
      (effects (font (size 0.508 0.4572) (thickness 0.1143)))
    )
    (fp_text value 0,1uF (at -1.651 0 270) (layer Dessus.SilkS)
      (effects (font (size 0.508 0.4572) (thickness 0.1143)))
    )
    (fp_line (start 0.50038 0.65024) (end 1.19888 0.65024) (layer Dessus.SilkS) (width 0.11938))
    (fp_line (start -0.50038 0.65024) (end -1.19888 0.65024) (layer Dessus.SilkS) (width 0.11938))
    (fp_line (start 0.50038 -0.65024) (end 1.19888 -0.65024) (layer Dessus.SilkS) (width 0.11938))
    (fp_line (start -1.19888 -0.65024) (end -0.50038 -0.65024) (layer Dessus.SilkS) (width 0.11938))
    (fp_line (start 1.19888 -0.635) (end 1.19888 0.635) (layer Dessus.SilkS) (width 0.11938))
    (fp_line (start -1.19888 0.635) (end -1.19888 -0.635) (layer Dessus.SilkS) (width 0.11938))
    (pad 1 smd rect (at -0.762 0 180) (size 0.635 1.143)
      (layers Dessus Dessus.Pate Dessus.Masque)
      (net 4 +8V)
    )
    (pad 2 smd rect (at 0.762 0 180) (size 0.635 1.143)
      (layers Dessus Dessus.Pate Dessus.Masque)
      (net 19 GND)
    )
    (model smd\capacitors\C0603.wrl
      (at (xyz 0 0 0.001))
      (scale (xyz 0.5 0.5 0.5))
      (rotate (xyz 0 0 0))
    )
  )

  (module SM0603_Capa   placed (layer Dessous) (tedit 5051B1EC) (tstamp 518691F5)
    (at 123 137.5)
    (path /51852914)
    (attr smd)
    (fp_text reference C14 (at 0 0 270) (layer Dessous.SilkS)
      (effects (font (size 0.508 0.4572) (thickness 0.1143)) (justify mirror))
    )
    (fp_text value 0,47uF (at -1.651 0 270) (layer Dessous.SilkS)
      (effects (font (size 0.508 0.4572) (thickness 0.1143)) (justify mirror))
    )
    (fp_line (start 0.50038 -0.65024) (end 1.19888 -0.65024) (layer Dessous.SilkS) (width 0.11938))
    (fp_line (start -0.50038 -0.65024) (end -1.19888 -0.65024) (layer Dessous.SilkS) (width 0.11938))
    (fp_line (start 0.50038 0.65024) (end 1.19888 0.65024) (layer Dessous.SilkS) (width 0.11938))
    (fp_line (start -1.19888 0.65024) (end -0.50038 0.65024) (layer Dessous.SilkS) (width 0.11938))
    (fp_line (start 1.19888 0.635) (end 1.19888 -0.635) (layer Dessous.SilkS) (width 0.11938))
    (fp_line (start -1.19888 -0.635) (end -1.19888 0.635) (layer Dessous.SilkS) (width 0.11938))
    (pad 1 smd rect (at -0.762 0) (size 0.635 1.143)
